shapes: [
	{	name: cloud,
		xs: [0,2,3,4,5,6,8,9,10,9,7,6,4,3,1],
		ys: [2,1,0,1,0,1,0,1,3,4,3,4,3,4,3],
		angle: 0.0,
		scalex: 1.0,
		scaley: 1.0},
	{	name: U,
		xs: [0,0,1,1,0.9,0.9,0.1,0.1],
		ys: [1,0,0,1,1,0.1,0.1,1],
		angle: 0.0,
		scalex: 1.0,
		scaley: 1.0},
	{	name: trapezoid,
		xs: [0,1,2,3],
		ys: [0,1,1,0],
		angle: 0.0,
		scalex: 1.0,
		scaley: 1.0},
	{	name: V,
		xs: [0,1,2,1],
		ys: [1,0,1,.5],
		angle: 0.0,
		scalex: 1.0,
		scaley: 1.0},
	{	name: lineup,
		xs: [0,2,4,5,6,7,9,9,7,6,5,4,2,0],
		ys: [1,3,4,6,7,9,10,9,8,6,5,3,2,0],
		angle: 0.0,
		scalex: 1.0,
		scaley: 1.0},
	{	name: heart,
		xs: [0,1,0.4,0,-0.4,-1],
		ys: [-0.8,0.2,0.8,0.4,0.8,0.2],
		angle: 0.0,
		scalex: 1.0,
		scaley: 0.8},
	{	name: circle,
		xs: [1.0, 0.9659258262890683, 0.8660254037844387, 0.7071067811865476, 0.5000000000000001, 0.25881904510252074, 6.123233995736766e-17, -0.25881904510252085, -0.4999999999999998, -0.7071067811865475, -0.8660254037844387, -0.9659258262890682, -1.0, -0.9659258262890684, -0.8660254037844386, -0.7071067811865477, -0.5000000000000004, -0.25881904510252063, -1.8369701987210297e-16, 0.2588190451025203, 0.5000000000000001, 0.7071067811865474, 0.8660254037844384, 0.9659258262890683],
		ys: [0.0, 0.25881904510252074, 0.49999999999999994, 0.7071067811865475, 0.8660254037844386, 0.9659258262890683, 1.0, 0.9659258262890683, 0.8660254037844387, 0.7071067811865476, 0.49999999999999994, 0.258819045102521, 1.2246467991473532e-16, -0.25881904510252035, -0.5000000000000001, -0.7071067811865475, -0.8660254037844384, -0.9659258262890683, -1.0, -0.9659258262890684, -0.8660254037844386, -0.7071067811865477, -0.5000000000000004, -0.2588190451025207],
		angle: 0.0,
		scalex: 1.0,
		scaley: 1.0},
	{	name: square,
		xs: [-1,1,1,-1],
		ys: [-1,-1,1,1],
		angle: 0.0,
		scalex: 1.0,
		scaley: 1.0},
	{	name: triangle,
		xs: [-1,1,0],
		ys: [-1,-1,1],
		angle: 0.0,
		scalex: 1.0,
		scaley: 1.0},
	{	name: unicorn,
		xs: [62.340,62.340,69.250,71.250,72.410,81.600,85.120,83.340,73.740,64.190,58.420,49.840,45.060,39.210,44.960,56.900,57.090,43.620,47.960,52.310,54.000,0.000,0.530,3.390,41.310,51.860,54.990,66.930,71.170,74.040,74.390,76.280,78.280,81.110,81.360,82.250,83.510,85.050,87.170,92.420,107.280,115.930,128.050,129.050,127.620,125.920,126.610,134.880,138.520,137.900,134.200,141.200,140.540,138.920,137.090,136.410,136.290,135.090,140.520,153.040,164.190,180.930,214.010,225.480,235.000,251.630,262.100,275.420,281.120,283.510,280.250,290.250,291.340,293.340,295.010,295.090,292.370,283.960,280.610,271.610,281.370,288.270,291.690,289.690,307.950,308.470,290.180,276.420,278.780,273.780,255.960,246.620,245.880,241.370,232.640,231.960,235.040,234.450,223.450,216.600,213.310,210.310,209.310,210.160,213.930,214.100,209.980,200.830,197.660,199.400,206.790,218.790,215.170,212.600,193.220,192.610,191.270,191.270,199.190,198.600,187.070,169.200,158.960,157.340,155.230,141.580,139.910,141.550,149.770,153.360,161.190,172.190,179.050,180.230,177.990,170.570,162.470,156.110,154.010,136.130,117.640,103.640,98.850,93.030,86.800,84.290,81.450,68.450,67.310,61.950,57.270,57.270,53.120,44.120,40.380,48.380,50.200,59.200,62.330,66.640,70.710,74.530,77.090,75.030,62.840,52.300,44.760,36.950,35.480,39.380,43.480,43.860,45.090,53.220,51.450,42.050,37.330,31.400,29.240,28.240,24.430,26.810,30.930,39.930,48.880,62.340],
		ys: [159.800,141.800,126.330,121.950,102.590,74.770,63.680,64.680,67.880,69.190,73.360,75.220,73.390,65.320,55.040,43.450,42.350,46.430,39.100,37.010,35.600,1.000,0.000,1.090,21.090,27.480,26.480,19.150,20.800,22.280,17.090,14.010,16.650,22.880,19.040,13.960,12.790,13.700,21.250,24.920,26.970,33.490,43.030,44.220,44.750,44.950,47.030,57.160,64.460,65.070,63.300,82.760,83.260,81.520,80.250,82.250,88.250,104.560,116.710,124.490,127.120,127.120,137.640,148.020,149.850,148.410,150.150,153.520,155.030,156.500,159.500,169.190,173.040,179.770,186.420,200.200,199.590,228.590,227.360,242.430,257.770,255.770,254.590,259.970,253.360,256.360,272.020,277.610,278.700,281.820,282.380,279.910,283.690,279.690,264.400,252.740,236.460,230.370,240.450,246.930,253.160,256.920,258.010,258.870,262.530,273.350,274.710,270.710,264.340,250.790,244.180,230.450,223.020,222.190,211.710,210.980,209.760,213.700,233.600,242.360,249.840,262.420,270.670,274.130,279.360,280.680,276.970,272.970,264.820,261.400,254.480,246.640,240.910,227.700,225.560,217.290,205.060,189.570,187.820,188.760,188.900,187.170,186.840,199.220,211.220,219.370,226.450,251.450,256.700,264.700,265.200,270.610,275.060,275.120,269.480,259.980,258.440,249.880,244.550,230.330,217.330,203.990,190.760,185.910,181.910,177.230,172.930,173.220,175.840,195.840,201.250,203.730,206.160,221.310,223.070,221.670,216.050,209.990,206.760,193.640,176.010,163.230,158.230,158.300,159.880,159.800],
		angle: 0.0,
		scalex: 1,
		scaley: -0.9},
	{	name: duck,
		xs: [231.2090000000,220.2910000000,204.3340000000,178.9240000000,138.9530000000,136.9000000000,113.4030000000,79.5300000000,7.3200000000,1.2300000000,0.8110000000,56.7770000000,115.8410000000,189.3110000000,178.9220000000,192.4020000000,231.1210000000],
		ys: [61.3380000000,58.7240000000,49.2390000000,28.8940000000,99.4320000000,109.2070000000,107.3170000000,113.4340000000,119.5200000000,121.1280000000,127.8480000000,190.1310000000,206.7120000000,165.4800000000,102.7300000000,78.3600000000,68.8740000000],
		angle: 0.0,
		scalex: 1,
		scaley: -0.7},
	{	name: bear,
		xs: [32.9760000000,25.7600000000,54.2150000000,119.6170000000,138.2980000000,139.8890000000,188.0800000000,174.1000000000,201.6050000000,231.3110000000,274.7590000000,285.2850000000,266.3040000000,262.7460000000,245.0840000000,239.1140000000,227.8390000000,188.0120000000,153.0970000000,123.3130000000,51.8590000000,2.0720000000,10.7160000000,0.3630000000,5.5120000000],
		ys: [228.0620000000,214.0670000000,179.6860000000,171.9500000000,211.0610000000,228.0620000000,228.0620000000,208.8620000000,138.1270000000,129.5020000000,121.2710000000,104.0280000000,95.3800000000,87.4710000000,78.8460000000,64.1840000000,71.3140000000,68.3250000000,56.2980000000,66.6060000000,63.5640000000,117.9240000000,172.0630000000,200.8130000000,228.0610000000],
		angle: 0.0,
		scalex: 1.0,
		scaley: -.6},
	{	name: spikes,
		xs: [0, 1, 2, 3, 4, 5, 6, 7, 8, 9, 10, 11, 12, 13, 14, 15, 16, 17, 18, 19, 20, 21, 22, 23, 24, 25, 26, 27, 28, 29, 30, 31, 32, 33, 34, 35, 36, 37, 38, 39, 40, 41, 42, 43, 44, 45, 46, 47, 48, 49, 50, 51, 52, 53, 54, 55, 56, 57, 58, 59, 60, 61, 62, 63, 64, 65, 66, 67, 68, 69, 70, 71, 72, 73, 74, 75, 76, 77, 78, 79, 80, 81, 82, 83, 83, 0],
		ys: [14,9,11,20,9,14,5,20,8,6,12,9,0,16,8,14,5,4,17,10,10,18,0,3,3,15,2,8,0,6,11,18,13,5,14,5,15,4,15,3,10,16,17,16,7,6,2,1,11,2,12,12,11,2,1,19,10,13,13,7,1,7,0,20,18,9,13,8,16,1,15,20,4,12,19,17,6,18,19,7,19,17,3,4,-.1,-.1],
		angle: 0.0,
		scalex: 1,
		scaley: 1},
	{	name: elephant,
		xs: [221.7530000000,195.6900000000,165.4410000000,103.6700000000,44.0850000000,0.0030000000,11.5340000000,28.7660000000,29.5440000000,7.2100000000,9.5420000000,34.3260000000,41.7450000000,36.5330000000,48.8320000000,46.6160000000,48.9520000000,78.0860000000,81.1570000000,76.0020000000,112.5010000000,99.9640000000,106.8420000000,136.0980000000,139.0500000000,130.0010000000,136.0980000000,154.5400000000,184.5250000000,186.7440000000,172.4810000000,167.5380000000,154.5960000000,158.2090000000,167.1570000000,174.1920000000,181.0400000000,195.3080000000,196.1930000000,196.2590000000,190.9350000000,186.7490000000,185.2260000000,178.1880000000,189.2230000000,210.9980000000,245.7070000000,215.9360000000,221.7530000000],
		ys: [137.6280000000,51.4490000000,43.8360000000,59.5660000000,91.2400000000,134.4500000000,129.4290000000,112.2300000000,111.6630000000,210.2610000000,210.2610000000,210.2610000000,210.2610000000,197.2850000000,165.3610000000,210.2600000000,210.2600000000,210.2600000000,210.2600000000,197.3540000000,158.9390000000,210.2600000000,210.2600000000,210.2600000000,210.2600000000,194.3290000000,172.9510000000,210.2600000000,210.2600000000,210.2600000000,192.5030000000,178.5310000000,133.6360000000,127.5400000000,127.5400000000,131.5390000000,133.4420000000,148.8520000000,149.6000000000,153.6030000000,157.9830000000,154.7500000000,148.6590000000,149.0400000000,172.0620000000,159.2090000000,163.0750000000,151.3450000000,137.6280000000],
		angle: 0.0,
		scalex: 1,
		scaley: -0.7},
	{	name: snail,
		xs: [300.5760000000,289.5530000000,291.7730000000,275.8590000000,269.7590000000,269.7590000000,276.4910000000,265.4700000000,254.4440000000,261.1800000000,261.1800000000,213.8950000000,199.5970000000,125.9110000000,51.2420000000,51.6140000000,51.6140000000,44.9930000000,10.4230000000,15.6890000000,214.5520000000,253.7240000000,301.8000000000,285.1020000000,299.1910000000,300.5760000000,311.6030000000,300.5760000000],
		ys: [96.0690000000,107.0920000000,113.6720000000,140.9750000000,141.3700000000,117.2590000000,107.0930000000,96.0700000000,107.0930000000,117.2590000000,143.3510000000,168.6360000000,144.2260000000,81.1300000000,155.8000000000,163.2510000000,163.2510000000,192.6670000000,215.0540000000,230.4740000000,230.4740000000,203.5270000000,158.4270000000,142.1520000000,117.9840000000,118.1170000000,107.0940000000,96.0690000000],
		angle: 0.0,
		scalex: 1,
		scaley: -0.5},
		
],
